0    -119557 -191667 297823 206893 804997 1029
1    -55614 -87934 329866 307314 868452 -85118
2    212893 69409 463283 211137 1020047 114325
3    -67351 -93647 378887 276137 897707 -35059
4    -114172 -182704 331010 323776 815344 -57394
5    187930 58552 529186 401262 1271624 122002
6    110237 339489 608007 581393 1587955 157409
7    -104530 -109550 330116 282070 769824 -40816
8    -66566 -15298 325636 183642 697630 26216
9    -59646 -190786 467820 356024 979364 -62982
10    70279 -100793 365081 412431 931931 -92947
11    -6223 20701 591523 420921 1294215 36137
12    -78554 88208 697220 569924 1606650 110526
13    34494 -23904 549432 410424 1312110 103600
14    47059 20643 387023 183485 803955 104895
15    136796 -27296 272594 71536 674910 27676
16    26356 97958 449114 341924 1056474 46980
17    23933 -59365 344309 306383 797677 -101435
18    76434 145228 635868 553218 1485408 100916
19    -121779 -98221 216079 282829 713467 27283
20    233998 185762 432544 261258 926872 141130
21    -96722 -211486 614888 404810 1147560 -61620
22    -35322 -98764 447558 355666 1126492 -24072
23    -42206 -116828 301108 327498 887898 126268
24    59202 50782 521868 361978 1188754 93060
25    -135702 116832 602122 532376 1318074 41670
26    60918 -93962 363982 99506 780616 51766
27    -4233 27279 665669 538803 1511809 23125
28    -57406 44440 483638 335714 1058926 -15278
29    89288 -39252 374990 233364 980512 150176
30    18349 -126905 315683 215443 882787 3699
31    61244 118634 500842 490066 1270812 232302
32    4712 9454 496706 306778 1077672 80340
33    -46000 -35062 534584 453230 1241046 77938
34    -10938 -52000 384958 277096 869048 20026
35    -107336 -141558 369902 200580 749296 23510
36    -3660 -27754 257684 187554 554172 80130
37    30387 -37313 435491 455573 1059847 23125
38    22189 -1487 443703 343523 1076063 -81661
39    195653 -14713 372109 149589 858803 73807
40    119743 -144253 307655 181781 697179 59293
41    130115 -203297 253925 148269 503987 -52873
42    286422 71372 512064 284946 1133116 163926
43    -74195 14385 314751 148169 676287 31947
44    13778 23384 399246 340136 898244 6696
45    20656 72244 572886 289154 1119004 -169144
46    155387 -28241 423077 299719 1084683 276107
47    -54985 68241 492715 272879 1155697 114503
48    25554 -108638 378640 354774 929940 26422
49    102235 87023 319411 321785 787913 76811
50    -13937 -58681 306315 244923 711629 -28451
51    126979 -118159 325517 129211 790727 127751
52    3757 99801 347373 82253 768415 118925
53    72487 -181103 434657 320171 1024825 -7269
54    7773 -87239 366331 215187 884601 87887
55    37737 -40605 355799 252029 806957 -49245
56    18161 41067 702077 576663 1587295 -8637
57    64318 -14654 465730 290056 1000442 169318
58    180027 -42709 365737 205131 829893 55827
59    -138331 348045 546371 308065 1084453 325803
60    59500 148676 432610 317510 1063000 145742
61    62633 126099 562215 393593 1328349 204557
62    -63585 234295 533549 407275 1261471 96733
63    71839 1285 364277 298417 856725 73953
64    145205 104239 491069 307071 1151175 61741
65    157926 -44658 494774 273666 1051548 168156
66    -36364 9930 318148 378614 901756 -47796
67    152120 10436 340066 241034 723584 36314
68    -8440 -118976 299074 241292 685868 12372
69    -321467 209767 750137 596587 1544041 89315
70    106216 -25516 352504 275110 879996 -33730
71    -73794 -97140 330144 283578 780914 -62918
72    37553 -881 587151 451049 1319435 75245
73    -67830 22300 295838 312212 872750 -51698
74    -279596 75140 546770 314450 1108988 48944
75    116460 -38372 323676 257020 768654 -22752
76    159837 150587 366061 147577 820575 149017
77    -38792 -10612 448514 355432 999962 -21930
78    166045 22017 503001 493907 1124141 -32087
79    2757 -40383 514903 514101 1328273 58921
80    -36422 -159206 521414 421436 1071440 34252
81    -71431 -67587 484455 387475 1288461 63439
82    -255618 -102412 354482 238982 755444 -2034
83    132256 -77698 323986 250426 816716 -67266
84    -153309 -101915 673139 658421 1554379 -61573
85    -92498 -195808 331844 323710 801830 -51770
86    -73844 -50036 384644 246928 915640 11648
87    -79871 109351 518651 471691 1110977 54963
88    49322 -72534 492842 366716 1086230 -55650
89    42569 66365 461393 254427 778955 -38667
90    -164114 -194366 353748 314954 854868 -130746
91    -241008 -89636 354198 255474 767242 -6252
92    24439 50245 501705 189241 1051485 141687
93    -95421 -106557 582917 627179 1443029 -42347
94    155572 -24108 391264 441630 1023908 -69816
95    -61798 -80944 637654 402602 1196506 -88446
96    -85841 -112491 255519 159949 655707 12007
97    -134209 -239921 359791 322561 810993 -84359
98    79391 -63505 362731 167111 819207 38327
99    225585 -128185 340109 193289 729113 178249
100    124972 38582 369262 234600 889402 150208
101    -115782 -55692 225194 226148 662948 -23510
102    141070 30824 450620 328880 1155944 129294
103    67685 -17677 575257 473973 1326457 -23419
104    2948 -338312 297982 163870 686860 52356
105    31150 3288 208564 249436 598200 -36630
106    16465 26433 206171 161741 549625 66743
107    558439 461563 489215 228199 1129647 -100181
108    15905 -125531 504895 332423 1140053 91591
109    14150 -37538 376614 271852 999098 40724
110    8104 14494 447188 316490 962770 31494
111    -160002 -140904 340786 316564 933122 -6552
112    -89593 -33645 621311 606863 1473341 -46617
113    -33451 -118813 373825 235027 698249 -13967
114    -146813 14705 419665 445491 1028303 -10739
115    -15139 135525 625249 531471 1382371 74469
116    -217995 -166369 274983 155935 715517 27223
117    192736 119780 323600 297050 832212 71720
118    161775 -54453 154497 -29607 337799 23343
119    -128674 5174 636894 571574 1445346 -17600
120    -76133 -294193 344085 282805 852389 53217
121    136804 130942 442580 341064 1046410 160500
122    -46298 -32836 335324 179816 807802 21486
123    27729 -71583 344253 390979 912655 -33063
124    10244 -29666 369310 223610 821664 47328
125    81565 -126189 335737 169195 711025 49037
126    76258 15506 320022 299786 976152 21380
127    180718 -126438 421666 252866 924754 201690
128    39839 44621 398293 187215 919689 67375
129    235309 -30913 417269 180223 939395 139585
130    85540 -200830 351814 174498 642694 -66598
131    15298 -91490 435270 341992 952856 36222
132    -246268 -133448 342400 266200 745992 -11162
133    7096 -57376 458698 292698 1074634 128952
134    176792 -43154 397522 266552 985016 157098
135    -72809 -77919 400009 290127 933909 -26557
136    -106499 -171645 334779 156211 760443 111143
137    -94432 -174766 434390 -4420 867878 11566
138    -3357 -35575 437393 438333 1059037 35033
139    178346 24790 568604 400440 1202044 -10570
140    65633 -35413 366629 396789 918933 -73213
141    -150213 -61047 247447 261323 746625 33715
142    108371 -12335 357335 186443 839463 101271
143    -105418 -22370 648164 573546 1490860 6852
144    -4782 -288276 455722 457316 1123558 -17256
145    -120290 27028 610794 439712 1364414 12646
146    66132 74154 438006 325338 1013522 51284
147    -36561 26079 667333 512727 1491653 46197
148    270563 12651 250031 46821 561301 26289
149    135906 -72800 373814 236004 791374 21612
150    -67446 55076 457490 440088 1088784 -5844
151    112676 -164510 276410 99658 680080 41826
152    -65207 47187 705459 541019 1462159 81809
153    337313 11241 298275 223961 816957 65857
154    -17983 35097 454343 224425 1017889 87315
155    76635 42545 473807 407519 1119977 120511
156    85019 -109477 375179 355981 865753 -69829
157    -53682 -123252 274628 263304 890206 -41260
158    -18550 4236 426406 210202 958386 12480
159    -137035 -148789 243797 204871 697513 131817
160    -196238 -84500 327070 287582 815586 7320
161    -116569 -74397 294527 292907 817831 -92879
162    -82679 43113 598225 515625 1374797 26963
163    54255 74871 679777 574075 1584047 82265
164    60147 -51957 376815 263337 954225 98607
165    32283 70995 506119 404789 1137305 58861
166    197605 73011 554719 210745 1001761 87235
167    -59465 -83869 388901 293231 883459 7863
168    57707 -132137 412153 408829 1089861 59771
169    -74498 -133752 276062 250068 877672 -38882
170    -140918 -297328 278320 297186 646186 -79806
171    -74230 91696 577720 414654 1379258 213986
172    -270891 -139279 325427 225271 713775 -18655
173    -91678 241016 667802 772628 1805128 90372
174    -150747 -169379 468019 369321 996127 -74575
175    33837 -68031 402103 407417 989573 -99495
176    151318 315794 550066 530188 1304408 141510
177    45791 48033 300653 216637 753559 141441
178    112684 89204 449524 313936 1016676 62886
179    -95328 -131968 307716 285632 746412 -47590
180    -142292 -88538 334798 78022 764946 8830
181    -77499 60907 385163 301117 899999 66077
182    65812 -68324 398946 216836 1006468 43958
183    54219 -40917 508901 255499 876267 76959
184    5517 -123825 498593 525119 1256921 98635
185    -245050 -219424 350450 105058 745676 -7038
186    109520 113298 439896 398838 1100906 6416
187    -49480 -71326 401348 363256 928052 -61876
188    -22801 90937 540953 367059 1244507 154439
189    179820 63752 462350 327258 1000582 52634
190    -42669 -74767 510223 290157 1023179 -102087
191    -131371 -118769 286247 168827 692281 124429
192    -249104 -162914 299228 210264 646690 18834
193    113622 57898 484734 332918 1019240 85988
194    113948 -80214 231806 122322 546886 -14244
195    128520 66528 489866 284890 975654 82130
196    -148447 -170563 433419 378641 996969 -139729
197    14460 38924 389122 320764 870114 -7232
198    123010 4412 471626 244234 1021172 174378
199    -156985 63277 570683 270385 1268685 120761
200    254813 -26015 452419 245943 1001259 -9927
201    66830 -13358 614854 318608 1253224 125928
202    10368 -3178 397810 264078 1088706 83226
203    143946 73870 468500 335132 1145986 22746
204    186366 154188 617700 445968 1382860 133624
205    -104125 -93955 358231 314463 913719 33333
206    101122 -104426 439404 287796 848868 5198
207    125100 -30334 354236 252706 835754 51518
208    272028 148640 454846 340554 1030222 181972
209    174726 49378 406570 322640 1097378 143284
210    66213 44327 455345 268761 1032339 91457
211    -139781 -205463 258587 296491 691997 -18453
212    -206476 -102854 434402 287560 949406 -89224
213    62136 -89858 547386 533784 1340254 22466
214    101719 -17263 356477 243127 995189 42223
215    114345 -59097 357303 291635 868665 55137
216    -103823 -187291 324243 131629 745445 -20367
217    -20143 -56995 264651 131483 691639 10515
218    59404 6326 465904 329012 1060750 -155252
219    70291 -13751 615853 428391 1330669 61041
220    -59155 35737 522929 424459 1201731 -18007
221    -165645 -137029 274707 174467 756681 22793
222    171230 29870 451074 300488 1055896 90800
223    38998 -97082 504864 297026 1088616 52908
224    -102198 -120886 269738 173420 747960 8706
225    69848 23806 459308 410844 1198398 180502
226    210672 -6114 585006 385378 1220530 93190
227    154483 -52955 238099 248895 742147 -90403
228    65623 -105213 338281 353861 896509 -48395
229    -219175 -185639 260073 205287 645633 -22401
230    62783 -262369 365013 157347 800273 -33313
231    -25022 -134052 234342 151872 534842 38798
232    124483 117555 633183 380219 1281757 176671
233    -70490 -109484 241498 134424 546650 25762
234    -53695 -141441 302627 212451 817491 32075
235    -9628 7272 646712 527130 1374202 -123202
236    88508 114024 414792 224290 1015466 301804
237    205991 147331 147703 92437 432563 -6345
238    -33198 -116446 369092 219476 708438 -5476
239    -114963 65043 753249 670037 1770537 77027
240    -100524 -133140 308854 171874 820976 97716
241    75414 -80954 523648 422870 1187700 87160
242    -83808 -57222 469306 356550 1012798 -27932
243    -60730 38210 544258 571548 1319636 -60030
244    -56022 -151030 240232 316688 690866 -79344
245    19726 156958 418042 240284 913448 36942
246    156269 -186247 377951 176615 818231 -133733
247    26349 -62293 433273 358853 972425 -17919
248    102525 -29067 334941 308523 845529 34083
249    -69573 99239 502431 389731 1258845 26809
250    56059 79843 395219 202025 846565 35999
251    177978 132836 423344 229288 1061198 -5268
252    -243870 -104956 450370 242388 1053578 -87348
253    64133 -139645 386629 185091 812783 56671
254    240278 111278 461264 259372 1008632 174156
255    -148102 -58112 328674 265398 947648 92256
256    -16663 85345 640599 287451 1237951 34655
257    183846 -139258 190030 121040 430452 54862
258    125734 -145568 365202 201998 732254 -125770
259    7889 -29899 395521 458235 1063119 -15875
260    -6421 -8979 245733 283237 907565 2159
261    -25391 1385 477897 352283 1106579 34231
262    -63493 32623 553383 323507 1036033 -105633
263    43518 78464 439136 196840 918064 148490
264    -153609 -134717 238633 213801 733591 117189
265    -82950 -21484 456890 259020 1010084 48236
266    -298215 91003 452377 352663 988657 -124309
267    -54549 56563 459107 319875 1154901 -68607
268    -77052 -33116 544102 563792 1398566 -58536
269    -53090 -147082 264758 164750 658294 -33294
270    11494 3810 319622 249376 976360 92888
271    63564 -108908 341900 356600 911574 -43812
272    32074 14870 567592 471968 1297122 120052
273    23551 11233 482401 530333 1223487 34513
274    177569 -43563 385461 164855 838957 34927
275    44258 99842 326892 178200 655062 81412
276    33607 -11439 319009 284065 929897 120661
277    192644 -57854 365136 192624 874394 162824
278    18177 -141611 354515 362287 923947 -101943
279    39302 -81162 436200 373748 983916 59674
280    27563 -141917 215293 102817 568357 93329
281    -43376 -85034 343456 240774 715204 -26996
282    -123785 -78351 505069 328097 1057719 114195
283    24727 53337 578097 454059 1317515 38357
284    -76801 -116387 258519 209573 689917 36247
285    9712 20612 465448 351616 1041906 22246
286    -68170 -69442 368240 234488 822776 -74560
287    128991 176061 559789 132541 1130221 123717
288    -96134 -233934 379704 332730 806908 -67178
289    70042 20900 295740 175868 789330 -39906
290    49159 17267 536857 386635 1227787 120853
291    -31461 -149077 301219 275255 885373 120025
292    -132009 240403 178075 312239 668059 -154991
293    211414 70444 429844 189050 1014286 107134
294    99717 -37147 367891 252101 864039 93257
295    39284 173348 486602 466234 1216058 101858
296    -198292 -85262 418602 442892 1112376 -87872
297    -163653 -78881 570279 465439 1328851 -86303
298    133985 -17809 408433 479753 1080197 -63641
299    -98859 9467 451533 372201 937129 -95125
300    -115936 -112676 538252 439402 1140778 -145160
301    57449 -9593 396035 175095 956367 84949
302    -283552 -30214 487036 247006 1148854 212470
303    101191 -6121 216263 111229 485667 -20195
304    31003 15905 638585 605583 1536851 5659
305    -83174 -165952 303144 209440 801366 35056
306    -94192 -92772 484648 564774 1310930 -12490
307    -183202 -140954 280226 268560 805444 -75794
308    9626 -43218 475792 421788 1216220 79672
309    -75132 -153854 284932 231772 816968 132236
310    149248 1174 267608 58710 705616 161522
311    -48415 -36519 263835 154827 725533 -4933
312    -175017 -83913 364433 206119 786941 -6939
313    -8879 -3037 268973 290373 918159 -1055
314    -85225 -82517 232761 69723 495407 12773
315    -10186 13708 549798 429454 1303710 45918
316    127187 21651 323483 210289 820385 127079
317    74614 234242 539500 442970 1307758 282270
318    27577 -243203 383573 219073 852713 -27363
319    178436 95144 316950 99200 662236 80408
320    36159 23351 281735 302095 975603 1407
321    -123643 -73115 435511 420057 1025893 -27885
322    186638 -52330 387838 311756 1051248 158552
323    -112401 63 348035 187011 837251 8333
324    152306 44788 460202 188882 1025818 78002
325    -139672 -216426 361658 184642 734956 73138
326    126186 -342512 377920 169992 731198 -46504
327    -261997 -263933 344697 244523 866527 -22581
328    114120 211260 613024 363514 1322428 204046
329    -33093 16981 618643 380561 1300147 20465
330    335499 -5743 410193 211061 815307 183991
331    -46043 -138955 429387 187731 877701 105003
332    -136804 -21436 523328 411054 1168932 70376
333    -237407 -45997 655411 582457 1548415 2469
334    -41758 -3850 455004 241780 1053094 157334
335    80627 -141737 326395 168751 679257 3331
336    115139 -184537 404623 321973 1006459 47847
337    -138922 -95428 713990 732518 1597076 -58758
338    116701 8389 312025 233057 774213 56167
339    -50543 -135179 390463 275845 916799 -145695
340    -113049 -94489 353747 103331 780689 -63443
341    88340 -74132 506648 270312 817092 53496
342    -193017 51951 616851 536919 1411023 44545
343    48810 -51628 235896 278610 907072 386
344    116043 181073 509903 314455 1176627 264739
345    117769 -78921 249637 229117 733053 -76785
346    -77241 19531 380773 402759 1063927 25723
347    150619 -139099 339847 256403 713415 -51039
348    181239 12735 425633 132791 914389 81945
349    234349 -149725 312579 212769 740077 -2477
350    31321 139 713761 513795 1484265 59053
351    3165 -217999 331353 192809 726193 8913
352    -23970 -44274 392010 231304 885892 20948
353    255455 -45957 510891 273023 1063551 79905
354    182335 159813 487255 215375 1068745 105397
355    179008 -1464 343884 272936 794442 -18208
356    101217 -40625 376909 181141 876031 154647
357    33708 44788 552110 454250 1250830 -5386
358    -185855 -47703 689237 654301 1595879 -44627
359    -122711 -176305 272129 198369 773467 7143
360    -61860 -111160 271628 265122 895420 -23550
361    -14975 -127431 481167 361989 1097029 12623
362    -20942 -185312 271404 174362 777140 31642
363    95532 -73620 409666 157532 868030 -21828
364    179701 -144685 346785 313695 748921 -49585
365    71534 199342 694978 458728 1428736 103832
366    4479 -146605 478781 210715 962979 45617
367    -17710 -8316 526736 544228 1243150 46014
368    -7643 -126631 467629 360261 1115703 32529
369    98714 97450 421456 191300 966666 283858
370    23522 51902 739648 516538 1474662 78734
371    79147 127079 556125 342301 1248121 130437
372    -130920 -92496 308486 278496 841092 -66382
373    74780 -53752 460254 125082 977466 107088
374    77832 48224 414018 324084 952002 121780
375    265241 17347 369453 151481 867157 82433
376    342900 93444 520220 202546 1128704 190192
377    -72916 -171316 215164 11830 412312 -17956
378    -128656 -49978 452644 327012 1030800 41738
379    -1566 52798 308878 263432 630010 -24114
380    163497 61123 440699 357919 996633 58153
381    125753 155471 599353 423593 1427545 220269
382    84619 6805 464155 391335 1184059 65573
383    -83661 -166607 287117 289631 745533 -53283
384    -155003 -394339 449571 229859 764563 54227
385    78736 63964 338050 218226 837516 63548
386    -165511 -171585 313953 184487 671349 7345
387    46523 55103 545461 390597 1151851 6237
388    95342 66374 310512 302868 799614 -18042
389    -160431 -112285 311045 253651 761513 20493
390    227010 107368 602442 338844 1227288 121218
391    1164 -30776 530108 393338 1295076 103662
392    -35492 -30564 411056 354748 1024342 -38002
393    -103994 16838 422658 209840 951684 100920
394    -19991 -58855 263997 168909 668021 -12337
395    167569 -14855 387003 272379 789831 -16877
396    23595 -48843 703087 442429 1400217 23323
397    -56538 93134 560244 396666 1225006 52318
398    122268 -2148 323866 130594 734944 77436
399    -80832 -50924 233272 253164 685172 -39838
400    -156227 -33603 688999 558811 1544271 -3749
401    -25896 -1764 501532 422148 1149854 -21874
402    -77117 23417 564851 397883 1286523 6625
403    128701 29851 428269 171227 938845 65101
404    238243 38879 431573 195257 969463 85955
405    196866 42966 449936 218878 1002708 155614
406    -78585 -80935 409907 308707 981633 -60481
407    -70788 -133102 264610 245868 851092 -7130
408    961 41585 547277 413543 1217575 -2563
409    113373 123387 640575 467867 1462921 112977
410    173732 -51144 196258 -89462 359178 70976
411    -70034 -135846 259474 166400 661992 -30892
412    145876 -49630 360838 368630 983006 47794
413    -177565 -146221 344453 240491 807599 -53883
414    -803 -28715 524471 435359 1239621 32797
415    -36276 32614 529904 322634 1158554 58604
416    268087 -22487 445943 177047 874439 40771
417    68398 28676 319440 251964 823290 25320
418    -141377 -86165 296497 288187 820973 -98441
419    50760 64506 459894 341044 1110908 114112
420    -242318 -238724 506896 437644 1247606 -160500
421    148211 -106613 452507 300045 1002461 73569
422    -64310 22302 615946 491842 1454432 71466
423    126682 -53416 300064 -15264 637540 14008
424    -21092 54134 564228 371226 1263632 97460
425    -110064 -127294 305604 269456 701274 14730
426    166573 180369 422139 264379 895867 164019
427    129703 163887 570199 267103 1216691 199073
428    192139 -4393 455953 206897 982473 97279
429    -92818 -147152 297010 141700 667174 107282
430    30548 -21740 307422 251242 940794 42468
431    33109 -101499 447477 409679 1003087 74651
432    110422 31992 470722 317216 1125752 109340
433    41898 96960 494474 450390 1254506 122202
434    -86241 -151061 246557 171629 589441 36771
435    303255 6975 437921 197863 995195 111395
436    37933 -21639 577779 347553 1190367 -26125
437    15770 -78796 343974 223102 861964 102742
438    15448 45722 540688 368836 1060732 -107082
439    193573 262601 582669 508983 1426255 232187
440    -108828 -34494 324974 152210 816896 56900
441    -96469 -25141 678989 614039 1545267 349
442    105971 -72287 340375 262075 930893 85195
443    -203566 -118834 335520 273398 822122 2138
444    -988 -129954 327966 66020 816940 252960
445    29805 7965 487589 461491 1200443 13943
446    -111064 -235840 340402 174632 754626 39124
447    113299 156543 517475 382503 1212729 142365
448    -16768 -127186 354118 236084 712266 -10212
449    90266 171918 521762 329264 1067158 19852
450    209329 -5431 267695 81329 577397 50753
451    271280 133286 329426 269058 792514 -29794
452    32779 -80917 70881 -44449 82121 -33999
453    17625 19801 50801 42373 100321 -10783
454    16391 -111117 284813 57505 677501 -28207
455    235524 116754 477076 259904 1033996 24334
456    -113998 -34668 320182 170852 820274 75924
457    4445 57409 516015 410089 1194351 43625
458    35522 71940 466932 309006 1076158 115986
459    -316686 -251584 322786 158888 668262 56446
460    188824 -46368 478976 263078 969190 63172
461    45294 -191922 289340 161146 896366 117516
462    106138 -71102 247620 35800 555322 19354
463    162454 -18714 405588 182192 911992 111124
464    40512 -118560 297770 204882 779160 46748
465    61616 192044 401122 149924 783550 75228
466    15436 -41064 467920 420772 1072048 -114884
467    14979 88575 109677 140771 438093 -41447
468    -20693 13291 535489 506685 1296201 134455
469    61004 -39238 518414 386714 1171730 27480
470    211118 -54644 366986 283824 862432 31616
471    -17937 16431 525545 291647 1077777 61839
472    -21926 -81354 341666 360318 904206 -110634
473    15212 239258 414794 478216 1104896 76302
474    -44894 -130110 256284 187198 698456 -49638
475    -92574 -15912 406300 242856 910640 4544
476    40178 95430 504642 463818 1227208 26190
477    -59992 42308 457682 272034 1017790 -10996
478    60789 -121901 426779 302037 1046869 20519
479    105591 -50559 393309 257999 995603 125775
480    -116960 -208096 419850 384062 826404 -178272
481    -26158 -65366 316882 134504 712680 34960
482    104054 -9770 529232 297472 1104668 106926
483    62767 -84821 316903 275027 787043 -6721
484    -39170 34424 522204 417592 1228344 -5820
485    174990 57584 363304 153746 829356 89908
486    121474 128846 491576 269886 992878 148382
487    66045 -173189 362483 112353 743649 -111679
488    138337 32041 388019 381381 1051063 114947
489    131360 -131284 317326 267206 756564 -60260
490    338290 -14672 360426 253580 802370 177988
491    43793 7997 520233 391445 1197735 25371
492    -177194 -208724 316378 178008 661436 -34810
493    -173530 109750 609736 551698 1407176 81816
494    112632 -81992 338438 255198 824884 34368
495    157739 37059 524805 312841 1169399 133283
496    -60970 15878 523634 426186 1128490 -20478
497    -145155 -66075 336313 268967 970491 69971
498    -17468 6980 495452 472798 1224990 43666
499    -95983 -6109 528717 363801 1175175 11503
500    -30353 17859 589735 474795 1233021 -39765
501    -33573 827 455571 254797 1055299 80227
502    -23749 -129309 391383 162597 821375 68313
503    90908 -70568 475952 324054 1139404 167628
504    198866 -82108 301260 218114 824310 -105400
505    -84786 -62274 211740 209622 641062 -15628
506    -94035 -169203 300891 137989 754889 -20377
507    174158 123488 514626 275492 1171466 97302
508    -186706 22248 606822 690234 1630240 9688
509    192682 -129938 321834 304604 745342 -35154
510    70995 64263 267123 528989 926117 14603
511    193721 31277 446931 365459 1018771 66737
512    8912 140098 550788 387418 1298602 142300
513    9620 22826 525956 424724 1289624 56416
514    158530 62018 500000 283972 1239862 104714
515    33334 56794 455356 203218 1047378 55530
516    18437 140367 683791 576153 1610647 89127
517    180860 32982 491570 311274 1136390 154918
518    141388 -246370 289676 204358 686400 -9032
519    -134614 -230052 344342 261882 830474 72062
520    -100318 -150126 294192 248750 798462 51412
521    -16077 -108849 396013 406467 961925 -1883
522    155107 168827 548855 284941 1175461 171161
523    -110755 -101489 198581 210993 608591 -23343
524    -171297 -196669 310431 172003 649797 -21115
525    330841 -117081 320683 162655 701065 -29369
526    -20391 90787 587621 433793 1283143 74851
527    61491 -13801 428681 423387 1083285 -27291
528    -77599 -77455 504121 358689 1257041 -5151
529    -12307 -88709 434919 316859 956167 -5169
530    39922 44350 455366 322212 994364 43144
531    15478 -14050 539646 216448 1119782 140566
532    -119779 -52041 510251 385791 1049651 -74981
533    31532 -113614 461986 209572 1051432 80472
534    65912 -201110 387418 305590 864574 -38120
535    111420 106736 621294 508896 1414790 81448
536    223531 9067 635063 542041 1490147 170197
537    -213319 -116035 679851 650393 1449035 -98201
538    -229547 -163135 312963 205711 667499 27897
539    12104 -172030 282360 343524 821962 13938
540    -19564 69568 650606 506640 1379454 71056
541    148773 30175 522209 369689 1114081 47049
542    -300419 -37411 390943 287615 951929 91721
543    -13942 -71622 339670 188626 833938 77856
544    -144309 -139277 390679 245039 971765 61539
545    -198571 -131621 271993 153261 731221 39723
546    -93226 -21032 486720 323086 1203572 118080
547    141629 239127 565375 357907 1257477 89715
548    6091 52315 291943 203057 772029 114331
549    -8440 138360 523836 165766 1120782 124872
550    84232 -360778 208392 357904 839802 38860
551    -104317 21335 358195 328023 781911 60001
552    -287722 -228440 303742 100800 614354 88822
553    23739 27327 403681 365885 1003611 27905
554    -48302 -123452 500414 334424 1047816 -105408
555    170475 -158697 364135 86969 732019 22703
556    77663 -5431 733541 524007 1457901 13723
557    104753 -67755 352895 322923 898823 -61469
558    -80386 -115822 406380 160484 795106 2754
559    62376 -156420 492962 421030 1232844 68486
560    74530 -42464 495594 497206 1285534 45078
561    255073 26259 384359 232043 841677 106065
562    111691 6907 536753 263071 1119997 55763
563    -5318 -11912 501830 547050 1248738 29222
564    119716 -137480 349742 378694 1122552 194076
565    -36611 -178137 461287 140323 876325 55075
566    -12719 115253 503133 419509 1068819 9833
567    176811 171847 611241 358785 1285009 227165
568    -304442 -160052 319840 218018 739166 -46026
569    245149 -41123 201995 82117 449467 -67511
570    32217 -22645 273525 79647 709979 -66933
571    -65676 9042 440664 366960 1022562 -5830
572    -197060 -12226 540188 293690 1217532 26598
573    -74980 -71522 248212 268256 703702 -37874
574    -72500 -108686 599926 597356 1386790 -90502
575    -118945 -326515 248475 315375 854655 142205
576    240815 172123 353395 266651 929403 247347
577    -17675 -95681 574789 433943 1242327 -25593
578    -425558 -34920 492252 296208 1091752 16196
579    -24900 -117294 386024 237958 718038 -4098
580    157442 7422 470408 312340 1120678 16458
581    18248 23836 536636 509604 1291900 -15788
582    154169 -106327 306031 128213 762937 54141
583    -186262 -94344 489840 425306 1087562 -81346
584    -38445 -26097 561433 475667 1286741 -28221
585    -51406 109966 502654 340374 1229190 49462
586    -78273 -40759 433013 261379 988029 -43035
587    -33161 26447 647759 561551 1516631 70785
588    72598 -122518 240248 100586 574618 55130
589    -74751 43351 590199 417021 1351589 54347
590    -68615 -70657 295941 159827 679047 -14459
591    96666 97528 316766 322894 1030094 113052
592    -253266 -180220 353748 418628 913012 -191996
593    40162 26216 599546 377460 1295396 185468
594    -151580 -57670 334238 226398 781270 8314
595    482310 20832 332144 278846 722012 -151890
596    48746 -64430 258272 176276 664824 36104
597    -49224 88748 609758 524504 1449512 46894
598    112500 -51074 410670 367550 1151874 35094
599    -164333 -37779 607701 539947 1495765 1883
600    -10413 -11607 583845 481577 1411495 -17295
601    89443 15449 528137 357505 1246879 243685
602    -39985 76837 597843 499167 1350723 21721
603    -85879 -174109 274833 217541 778433 -1453
604    -71479 -116549 452811 259355 1072609 95383
605    253352 9048 211540 9700 415758 80302
606    -67996 -2152 701620 809218 1657816 -6458
607    149325 -201545 372477 173595 799011 -138051
608    -79400 162842 437486 157644 840174 98880
609    35246 14536 437612 237374 1006020 123860
610    -56613 -83393 618911 459095 1282153 -21705
611    -84675 -49941 271535 276973 727193 -28693
612    46256 120100 548724 484750 1336944 121414
613    183617 -54201 375207 281733 808689 -31175
614    175504 109070 321620 144684 688058 88602
615    -60194 -143976 277786 199182 653524 33856
616    -6846 -141604 250178 83076 619060 -7196
617    -104266 -1972 652430 574938 1474988 24710
618    173642 108700 347966 147542 774298 73114
619    33554 -114746 294466 161456 569688 57288
620    -111282 -51652 520010 395172 1153548 31796
621    124144 -57418 339810 331260 862542 -27654
622    86055 108773 399467 175241 841683 79133
623    63754 18658 455180 331410 1128458 57436
624    148852 292428 455242 346598 1010802 128784
625    -22956 135254 548412 332232 1214700 140920
626    -79279 -42973 439077 337679 1033019 -86451
627    -113149 -99963 274811 331351 779613 -154479
628    -32556 71574 488950 474716 1301570 145286
629    143453 -37123 262443 23257 554363 89239
630    -369687 -68391 362115 79043 845787 28225
631    -85407 -78093 170969 176191 522795 44203
632    142816 -1992 512204 349140 1028688 29374
633    156761 -83109 314541 370399 875283 -27979
634    15060 40770 396926 300876 1036858 58612
635    293935 102295 564191 365025 1351265 195939
636    -92812 -13698 752174 766044 1679152 -54512
637    226513 -107327 360597 131473 755107 69515
638    163431 -92331 201299 71273 399727 -76679
639    -98068 -81246 509032 516570 1077366 -127642
640    52582 -26810 572732 306750 1220034 23722
641    -48165 3661 426841 372719 991925 -26605
642    -148682 -136384 458452 271076 977598 -59290
643    12714 -356018 319988 32196 558280 8618
644    129204 301132 675434 784108 1738844 -71960
645    95767 -40895 285165 175865 781439 44827
646    56022 -205254 293302 163388 685718 32378
647    93677 41605 607307 456659 1491657 169929
648    11696 75200 571680 588586 1415326 49202
649    -17169 136653 572881 350297 1248847 184467
650    -129559 -323277 331247 258735 873939 59927
651    22537 21379 306489 307033 971019 -5609
652    -197885 -84339 593293 603569 1332389 -99279
653    63208 146556 537498 278684 1142756 180936
654    -72010 -122806 367928 324084 895484 -27948
655    -116548 -229562 381864 157430 709934 61596
656    57191 -113771 450721 405639 1202719 44831
657    53666 -146102 364264 328700 955546 161140
658    -227918 -259990 393614 95364 764790 -4116
659    -104319 -1919 411653 301435 877519 -19089
660    -177252 -105930 345954 241744 835790 -23514
661    185277 215281 576915 417627 1329357 219745
662    116247 -117105 321965 248493 863193 173997
663    -2973 84383 471789 314397 959581 150245
664    308642 10174 486870 213432 1023578 129840
665    -117938 -72246 210932 227300 648940 -30828
666    23591 -259231 414935 205503 831127 -33863
667    -142827 -89011 309597 319427 725381 -2969
668    11241 -50991 443901 237739 986341 134873
669    224712 53080 471936 224150 1039512 221872
670    28238 -68248 315886 181014 714372 130650
671    97489 24783 561573 355743 1272859 134313
672    -136980 -103878 401058 390606 1013272 48716
673    69975 -168247 390757 451481 1103835 115943
674    124393 -4223 405365 261335 997195 113485
675    162622 -48114 550850 342824 1294806 239968
676    49771 151081 525285 314661 1190119 92463
677    -70346 -156860 286520 235758 686632 148132
678    123031 -143899 349287 285849 803299 125307
679    -228721 -191921 314465 188599 658417 -6553
680    -92581 -165693 292249 307435 765005 -65739
681    57921 37145 391865 266037 875991 42943
682    121209 5115 400633 178929 782507 -3703
683    -30672 84496 703540 646998 1627044 19812
684    8016 -15758 585134 474034 1370812 83060
685    24027 -193539 337635 90887 670769 -104543
686    -119760 -46066 326624 269428 838926 -41090
687    17275 -44321 418101 415351 1001141 18667
688    11921 -173191 462765 320901 859649 -258179
689    57117 17203 536961 536611 1341827 106255
690    -22250 37600 579504 416578 1349314 129390
691    -95593 -177457 237249 146191 655387 67451
692    -19618 -42956 499740 353536 1108636 11662
693    186935 -102595 437637 280401 1072077 75465
694    6612 -37866 624740 581936 1520516 79078
695    -39051 -40007 573061 459091 1311825 -16731
696    147278 100930 408400 253926 928058 149572
697    149168 -183766 399974 272964 752188 -29748
698    53027 110365 666105 412803 1389295 175215
699    177536 84276 386968 135790 806446 36198
700    188630 28852 378830 348624 878782 -20292
701    361 -20025 451295 344299 961943 5059
702    49932 -201836 351340 173436 716324 -62446
703    -103562 -147520 307688 330820 826960 -38878
704    176134 -34846 237188 63302 528582 101052
705    84107 -47813 482137 314289 1028351 -14297
706    -285194 -140158 326518 220606 729264 -15836
707    66255 4365 288119 113209 744311 -62303
708    -195438 -124412 532394 330806 1204542 -55910
709    137222 91454 383924 155620 866754 188062
710    155205 -119935 300913 267879 768895 -69997
711    -77585 -177959 316501 210949 808451 26283
712    -122619 -131475 321125 250311 684545 28155
713    343938 119000 542864 220330 1111432 270800
714    273566 2848 418860 239928 978576 208414
715    114246 17642 378978 348970 1209280 188550
716    -370748 -40402 551352 455038 1241198 12848
717    161505 -18757 297061 208987 747501 158939
718    302739 23083 364087 126565 868671 140841
719    -37328 16710 654238 493452 1458870 52964
720    -108384 946 355716 176716 833742 10000
721    340291 33801 462363 145417 966253 197481
722    -186543 -162363 364623 244339 811059 -40281
723    87206 -85420 450510 435008 1090298 33162
724    91371 -33839 255149 133481 667407 190039
725    160660 -152094 544524 380492 1118888 8694
726    23798 75218 364554 333684 1071258 113784
727    -203936 -102940 353836 290388 827194 12050
728    42696 -182976 401490 335474 999828 55774
729    35279 -165547 318379 33551 672735 43315
730    81255 -74115 354711 165719 669577 19831
731    -38110 67800 611464 549760 1430450 24210
732    54864 77634 507672 448556 1235454 63796
733    -141090 -122624 333210 333784 745576 -694
734    -66282 -148154 322452 210496 572948 -202736
735    -32615 -84715 308511 259843 783557 12365
736    96167 -73293 145239 105841 317903 -59133
737    87943 257867 545567 520861 1189715 121041
738    31120 67836 174186 114236 371236 13882
739    3412 28434 524860 425372 1177350 27202
740    -79295 9751 599403 498331 1344433 23061
741    94227 -64655 355867 390751 960819 -54391
742    -121705 -88029 332733 359309 810509 93461
743    -140592 368 613796 665054 1603948 70606
744    -50621 26203 486049 338881 1158277 118909
745    157372 -18428 338554 286388 882000 -72632
746    140067 100093 554279 339075 1199419 106329
747    11210 58278 439728 322662 1000384 27666
748    26675 10097 462329 318899 1165249 153621
749    145509 -69915 435499 287099 1020229 40075
750    77688 204604 412406 232070 910254 101448
751    47131 53935 527009 351635 1134453 29935
752    133415 -99175 320375 262973 807499 -85979
753    -28772 -9532 433738 440092 1234312 97224
754    -2911 -56367 364697 241547 912111 20797
755    133629 -85091 437233 290539 1012415 97265
756    -216528 -144944 271806 240076 777178 -52412
757    208189 -176531 286007 142371 713899 79043
758    -46836 40972 628612 549868 1437198 27880
759    -105950 -139060 331356 140226 724524 52982
760    -114517 31185 682137 556145 1540331 61135
761    -30712 -7960 606100 489360 1388772 4056
762    -139553 -38481 671525 534275 1519233 -5151
763    -46540 58116 590060 553748 1387184 13770
764    -193921 8231 718933 668273 1619743 -18675
765    98331 69219 301181 335503 1011903 110021
766    162719 75501 324003 102631 735317 51291
767    10767 -55563 504765 364437 1229257 32177
768    42149 104669 497873 408079 1075011 -26843
769    -20193 -21287 432359 316627 1056685 36413
770    -161604 -6350 380246 225560 852022 31606
771    126486 -108074 345184 77346 859626 69022
772    209960 122410 339772 163212 766576 72260
773    83729 21279 542527 468527 1362571 125731
774    19612 -12570 256976 149488 636250 -28422
775    -72404 29124 482944 302130 1118232 75332
776    9087 -40767 415619 381065 1052489 5323
777    -118251 4521 487355 596053 1299317 15493
778    95173 -13599 390815 172839 901967 94595
779    61995 33411 450719 314473 1066261 61409
780    -175748 -5418 542814 378038 1206362 -24854
781    -258899 -200491 312347 137177 731129 -6075
782    57673 40965 585541 493325 1376181 34145
783    45269 193499 346897 164299 741275 138105
784    107585 151779 548385 466259 1309515 119549
785    -234887 -229667 510371 418521 1194609 -114335
786    143007 123603 448475 221791 986995 99821
787    131191 -76237 403539 445747 1035601 91845
788    -15172 -215218 429908 354066 992938 -52792
789    88995 41367 471259 201691 1051759 172247
790    -87370 20038 571256 353226 1278476 37018
791    199117 78647 566215 338127 1138699 13523
792    88797 81507 393567 216411 870471 64621
793    -16008 -75390 377934 399242 951184 21682
794    -100166 -85226 403134 470610 1094802 31594
795    -102286 -121986 289636 236618 843854 121680
796    -87340 -15014 646162 488180 1486650 73698
797    61373 39923 649645 555093 1445267 -13789
798    121753 123611 685695 426623 1423065 112047
799    150068 -53356 338726 53686 693246 114344
800    213987 2007 277547 -58315 569227 33741
801    148761 -163447 322641 139797 678747 -16625
802    175912 100728 635252 396640 1432304 141498
803    -44370 -42146 616352 499662 1271776 -37978
804    91375 -96535 308453 220185 830079 114693
805    -72307 -103477 389337 280749 919077 -69565
806    316246 -54758 374384 150986 875594 68732
807    -162874 -77402 339568 243104 854322 -49430
808    -44748 -37502 530168 331600 1206528 -21350
809    -177866 -179772 300242 176434 643668 -7130
810    133928 -28362 445474 292592 992578 60692
811    243381 5927 520997 279395 1043557 44063
812    51492 91158 547742 364172 1166400 28924
813    -173455 -85085 463241 449003 1095587 -99013
814    81279 122317 583699 418071 1332157 163467
815    15557 143945 593135 455159 1367555 137487
816    86009 74515 428819 193773 916997 106519
817    260905 -3045 496145 258197 1044169 206691
818    -231242 -131082 406586 256542 716048 39798
819    91521 71945 436669 254599 981909 118643
820    91059 -130121 395275 336399 901059 -190843
821    -187983 -27307 497917 325943 1129051 91187
822    55958 229582 462486 266364 1051610 216352
823    143208 124266 377294 203318 797242 54914
824    159158 -118994 382790 318302 884810 -144404
825    -8215 25929 717083 667795 1667815 -26897
826    169953 -184701 374321 185347 855519 93951
827    138494 -144286 347334 221418 917148 150226
828    -22367 48353 510175 383179 1151329 57103
829    -9128 56908 555500 299930 1194062 43354
830    60792 -73254 368228 367246 950440 13646
831    -75964 -92226 407180 278016 939774 -49410
832    -254535 -100613 352967 239535 756149 -4877
833    23242 65448 444928 280580 1001884 116876
834    -69786 78152 669842 500486 1411014 -52234
835    98555 165035 622047 414175 1424817 183559
836    -74808 -44686 410662 332770 992520 -53084
837    42034 -18468 513274 347912 1273246 114678
838    -189653 -179019 276909 253531 819887 12573
839    86001 48589 418487 147229 856241 125503
840    -38730 -86256 549170 445620 1287946 3692
841    107797 108811 493051 349359 1092865 96693
842    -153597 124837 555287 416537 1233205 84765
843    -43616 -68862 238950 128422 652774 -1738
844    -108970 -269224 536538 419346 1115912 -15022
845    4412 -42686 413668 241480 1001998 24842
846    -35422 46142 167574 123144 412988 19856
847    -195701 -111533 356395 236303 847089 -67469
848    18883 9817 554523 549437 1364277 48623
849    276203 -39289 399117 84119 791063 118711
850    147489 -76607 265785 171075 738245 64963
851    -44236 42056 614130 609618 1510816 -58122
852    194549 6987 483593 274493 1025147 49095
853    130311 21563 504221 274957 1127801 224867
854    -143587 196715 578987 586613 1327111 70727
855    202869 -57851 432941 220989 1035401 185903
856    -78156 -133428 246298 222164 650516 127104
857    -88323 -95947 262039 313601 751659 -31249
858    170659 -37277 395297 189965 893927 137627
859    120797 56267 577567 266943 1255321 134237
860    138510 -22442 499742 253392 996364 63630
861    -153161 -134809 263079 311611 766387 -136943
862    40753 -69581 498637 194665 1028881 39319
863    204398 215442 288566 8044 586598 123700
864    18506 41654 515340 360010 1275108 116168
865    221464 314746 682252 357210 1150126 50138
866    -81618 -118852 382364 315236 898510 -14170
867    -157068 -119038 343280 248672 822690 9808
868    -34516 -131106 226632 314798 702744 -76670
869    126457 -23949 382179 344505 1115161 272193
870    53790 -254924 310806 165146 656300 -118530
871    3079 -131245 314683 246007 695245 -7753
872    -115923 -85487 538043 426877 1319465 -1493
873    -2914 -94508 369732 389648 923290 32884
874    -244684 -170356 303794 217324 649744 4132
875    -126151 43347 278659 209519 658775 51385
876    26017 96727 607663 490495 1469069 95533
877    181456 96704 448532 315936 1058378 73478
878    -101699 -75515 305415 211751 781461 37073
879    88391 98397 505573 330721 1006249 18469
880    -74239 -71957 310351 188379 767207 38219
881    178980 -13332 371666 260728 857856 -77836
882    -50363 16847 585979 460077 1290817 -535
883    280434 -107444 413990 203710 1006258 181782
884    82747 105133 295235 237763 709625 58241
885    106802 -40722 253802 164696 587428 46316
886    183729 45301 515131 316685 1161249 100065
887    249766 146594 163570 144916 504342 7752
888    -87317 -109701 321981 269757 872995 48753
889    58050 -139882 295264 157508 635754 -10684
890    118234 118864 469314 308374 1032180 118618
891    -25702 2994 562814 351998 1298300 151806
892    44393 -65683 410293 323511 1016667 102633
893    117694 55602 335190 199118 871036 144950
894    -146558 -197302 354392 330492 846478 -130536
895    -139992 -5374 484948 224108 1015314 34426
896    -124194 39712 551188 433164 1273458 27876
897    161711 13169 312587 73133 684637 112173
898    62808 94064 580136 403318 1356470 174624
899    -24730 -19578 372618 257690 868444 -12838
900    192391 -105697 346439 112563 684369 36645
901    72406 -111180 416094 406492 972932 -236798
902    108704 -147940 400360 278718 844766 -141830
903    200222 -174196 224684 140394 507384 -55512
904    -178142 -77034 556562 577720 1364440 -79922
905    -85238 -70666 556066 604354 1432446 153582
906    9511 45585 396291 227089 898245 67171
907    75475 -84045 143171 54461 344715 -50977
908    48636 209786 471238 225834 992608 37270
909    -15848 -104882 390982 396612 949700 488
910    243691 -35517 395047 246045 927417 60391
911    106125 60721 451555 136897 971565 99949
912    92953 -147747 282711 220457 750717 71569
913    -106018 -95634 203098 234184 636234 -28286
914    122973 125919 473937 232571 930763 -15153
915    210307 -20689 595849 216779 1022701 6557
916    -24953 16113 295317 275455 686169 3841
917    -33563 37423 549355 450075 1392489 59751
918    78982 -22366 385468 243744 1074480 132480
919    22823 -66749 303531 258519 922659 56397
920    39779 -28613 396351 184601 899533 126127
921    79117 42331 433461 341951 1035349 158881
922    76855 -122147 239931 244257 839703 164265
923    1574 43982 536994 385978 1173946 -31426
924    65295 -128921 435647 409651 953121 -79711
925    -118777 77165 353719 122843 801695 71585
926    175171 -185561 301193 40301 610645 48019
927    6894 -92826 238038 172182 670766 21438
928    48631 -39979 426171 272257 1043157 33083
929    47417 -41901 310929 298553 827373 26493
930    32006 -32162 273772 141836 713806 -43148
931    82719 51101 591129 360517 1275049 198833
932    63998 114844 417030 282710 946164 100914
933    -100561 99351 642253 586949 1535367 75793
934    145923 -24667 497225 263911 984797 57407
935    -211393 172509 743397 714113 1678285 57629
936    136785 -137191 279153 212349 761269 -94265
937    136073 98555 480225 177875 930449 166619
938    -6762 134180 438752 389042 1101138 158844
939    49627 -13461 380955 213267 817425 63325
940    139135 -52999 303329 221573 734821 -26013
941    143144 52022 590150 348480 1212196 23174
942    -32600 25852 436970 326698 1029972 123350
943    221481 116285 570827 355021 1267089 141331
944    -120931 -305031 462669 282749 909861 113187
945    90757 17619 474895 351435 1165753 165101
946    -157258 -99626 298500 310988 719704 -15378
947    188760 203134 646086 303638 1184398 154284
948    -59668 35740 611830 431108 1245220 160768
949    60874 70648 419880 267076 972548 46630
950    -169613 -221239 342283 233441 794195 84707
951    -155447 -94505 403897 379629 923853 17567
952    22105 -81907 496235 185213 1042791 78983
953    -29282 -34632 417058 452106 1117448 22322
954    200015 -51361 338095 212649 893843 61885
955    -23171 38493 629625 453919 1354955 17845
956    -201303 -136865 533743 492157 1324869 -30253
957    99712 30568 495856 350384 1027652 74764
958    45184 -127648 319394 318318 837532 47536
959    119033 91799 680437 720123 1734817 25235
960    -187603 -202121 436515 347285 1148333 -48415
961    -12024 150348 682204 493648 1448506 169420
962    50780 104258 586376 409034 1319722 124604
963    -65855 -72173 529113 574887 1260785 40509
964    97893 -16589 596163 471447 1328913 19755
965    -102946 -115930 303102 258866 686896 28388
966    27407 120771 609205 372939 1208823 82663
967    -44669 42161 355297 351807 913321 -54455
968    59845 31873 566215 378947 1397559 180071
969    -119696 -71620 260264 205026 666766 62932
970    -119252 4572 295774 291220 821490 -55532
971    46780 2960 456046 247672 934664 25092
972    -183733 -106291 292519 271151 810033 -66971
973    134529 -35229 368583 105951 824217 106339
974    -74153 2083 706039 805809 1659905 -4925
975    -74716 60550 643454 667256 1524838 11734
976    53006 123242 426868 220920 954074 113488
977    -148584 -19958 293362 213544 717230 41268
978    97888 25512 619724 452746 1322180 150136
979    157175 36833 478781 276525 1012273 41665
980    335743 439 465739 232237 915551 -14169
981    590891 578151 476907 523821 1034943 63049
982    97503 -216519 311951 112653 677009 5443
983    201465 -151495 340705 328703 754091 -54847
984    49071 160469 545767 285721 1212121 181277
985    220891 -45777 121763 30659 287393 -48645
986    31747 29739 604231 560499 1373319 -31975
987    -35952 24012 734954 675374 1702216 44994
988    -73156 80756 661978 551382 1402568 -8772
989    101800 41054 332034 169048 815870 -52054
990    -169727 -43007 723481 575965 1530381 -34155
991    55631 97275 326411 155659 739451 79433
992    119844 -104074 418608 193920 1016930 138844
993    221757 -88361 266381 183719 693115 77333
994    -38427 58569 588965 497655 1378207 66797
995    15324 56286 482360 365034 1191770 109570
996    -93211 112853 669931 565365 1604289 85775
997    -32395 -132279 463797 365021 1068731 -61263
998    147600 -60440 333384 241964 754606 28332
999    85678 49618 493088 352170 1195208 115548
1000    112739 29539 370931 222039 898515 114191
1001    -133639 -47241 537143 376437 1203623 106967
1002    -84718 103678 612956 440010 1406770 132410
1003    -154791 -102417 364043 376005 1190021 39167
1004    -116173 -112599 299481 249647 680023 30957
1005    -140885 -56215 323425 302603 739787 24257
1006    -115655 -54485 313781 172743 771657 56751
1007    47638 56114 518044 390168 1143298 -12096
1008    -124628 -108730 291786 275484 837524 -63300
1009    120668 72738 584932 353816 1272870 101292
1010    -32338 52928 598212 480454 1371224 55488
1011    -62107 17509 335901 354203 903343 -49099
1012    2820 -8690 563608 402978 1307392 131180
1013    110343 -171769 232583 -10397 464049 36391
1014    36997 134779 251097 228193 809697 -44007
1015    -32510 102002 414688 332846 932716 -6830
1016    -15736 12998 417942 231954 918516 32134
1017    18564 720 435956 253578 1057518 100320
1018    59429 -1555 386289 145037 813851 28789
1019    28262 64716 192850 74656 421034 50756
1020    175910 98082 529290 424870 1374128 77370
1021    34168 26180 465568 280312 1042158 27900
1022    317143 69665 395377 218801 961919 204221
1023    106857 68131 521249 391041 1187059 9869
1024    65518 -37224 507814 381628 1228420 17864
1025    -37926 -102024 419108 276166 982906 97480
1026    -126297 -121201 416057 404063 1022465 46399
1027    -91124 -111722 354922 67092 742534 89454
1028    81385 -1471 392973 367535 1028623 2633
1029    114309 -53869 411449 303071 942217 -18943
1030    61866 -98240 463108 384484 1147554 84422
1031    -179490 157876 448590 288146 970824 86946
1032    90665 30605 371645 290829 948833 -83685
1033    -64457 23677 372027 253517 787641 -41
1034    -8686 506 593034 464804 1327776 14122
1035    178505 -5613 281559 99599 604621 88983
1036    125995 -92179 347033 266791 778305 -79413
1037    125253 106801 556279 432889 1294253 108187
1038    103428 39614 509962 377366 1191412 77260
1039    101694 -132420 390132 263828 837748 -129418
1040    26466 -54414 307892 174638 741236 126518
1041    -181207 -52581 328753 296585 843565 7157
1042    -146832 23840 518040 590200 1277004 -57372
1043    -49953 21483 575159 336833 1307707 87869
1044    -221139 24017 553695 485591 1283125 -53645
1045    18952 65540 565720 374594 1224342 54658
1046    256251 53807 392809 171271 877941 171879
1047    98555 -66361 255121 74859 636391 -30575
1048    -70160 -90456 375326 308230 910432 -75346
1049    81145 13443 488631 332601 1184309 152131
1050    -250254 7512 431162 405014 935558 -148076
1051    -6541 -45451 551087 368827 1181913 -70471
1052    156356 49464 210994 4268 489560 -7628
1053    -4173 82461 348351 109901 715025 83341
1054    -53775 -45631 570581 410611 1146595 -12763
1055    185470 115276 299592 190896 718078 75198
1056    81733 25581 462325 312641 1107545 136003
1057    -19132 54806 365842 182112 940106 28356
1058    -105978 -129614 432194 260770 941990 -62766
1059    -134416 -246166 274924 313566 705440 -9410
1060    189695 -108681 306727 282593 746985 -34357
1061    -189703 -120051 257141 213183 825701 -41425
1062    128433 -111939 268117 215625 739111 -84051
1063    12398 -286214 439622 290052 794914 -124008
1064    -187103 -69151 320357 269061 786859 4331
1065    -204474 -144464 345512 252800 798662 -3918
1066    69103 -64397 357241 244171 896003 48405
1067    -77735 -64635 233861 241193 638657 2721
1068    -121651 -102855 545009 614983 1278813 -72631
1069    98801 -111105 272535 247703 837413 20553
1070    70186 -131002 386272 183596 804090 55694
1071    181706 -57822 430036 336076 1056546 22120
1072    -26913 -58797 78751 63989 318951 -98501
1073    -58923 -61077 557173 454183 1291777 -12679
1074    315997 151883 449875 193959 1022303 241827
1075    16923 -5615 404239 91117 868981 88051
1076    -37191 36327 484361 349147 1158133 38063
1077    201736 85986 501588 176362 958196 56756
1078    -125496 -228056 367358 181818 719536 73922
1079    93386 25252 311740 128136 622704 98960
1080    23004 59986 712900 542980 1574560 76678
1081    -34037 54827 546127 473143 1257605 79573
1082    46409 41 520801 365967 1136625 4235
1083    52399 45601 531227 377395 1293285 152617
1084    -54447 -21195 372643 264667 920815 37621
1085    159442 61100 576810 224538 1195956 207802
1086    -127886 -188378 380936 337486 862104 -104400
1087    -44334 -30814 565388 461506 1414764 148114
1088    79753 137569 706037 570001 1550203 -30461
1089    40518 -268408 405550 310886 903468 -25558
1090    -10694 78314 536072 423832 1275578 121680
1091    -263245 -128583 334587 223783 727341 -14061
1092    32351 -26461 415499 170285 1005925 132669
1093    -2379 -87763 349347 163625 892273 178217
1094    102589 -57325 339053 388075 939447 -52417
1095    232236 19964 328994 111816 731848 72094
1096    45267 53047 507193 369129 1128825 40775
1097    -172723 -191439 275531 342937 745099 -54965
1098    -67227 -30917 413631 316765 1035355 -45183
1099    175287 -82857 351187 178357 771531 -52669
1100    242917 -94789 443689 148591 1017433 308447
1101    164473 235115 456169 330197 1042259 280121
1102    -55145 -111521 267985 286417 902955 -38665
1103    -90816 -29084 603384 550004 1368300 18508
1104    -54101 -197013 369477 171485 855189 -28195
1105    118852 -49208 377994 205778 776644 10998
1106    -179082 -135080 269304 228270 691634 -11660
1107    170400 -27862 446538 127012 905798 183522
1108    169051 26211 392527 267593 903365 40401
1109    -193248 378230 634428 655276 1589516 158696
1110    -28800 20318 542476 421130 1261026 51702
1111    -69633 -104103 466403 290703 974503 -80109
1112    -28013 86987 553015 302693 1191593 113205
1113    -83716 -141282 237038 146480 511398 36776
1114    77380 -121944 412462 344800 882574 -29016
1115    -214292 -126646 272876 242464 775956 -68496
1116    70767 -7451 463419 180309 976487 73963
1117    112392 -3914 321022 233668 857522 109986
1118    -13726 -114092 479030 372136 1202190 96938
1119    -115231 -34141 690865 587089 1595913 -27699
1120    133337 93097 570081 434021 1343267 89801
1121    27233 -73813 449733 289079 987779 -54263
1122    198155 22259 358213 289771 883115 117335
1123    -213611 -162689 375681 222931 817895 17311
1124    68109 29983 441985 322749 1127199 57431
1125    81800 174826 662264 398738 1453718 239242
1126    103211 37491 216829 159803 546519 -6517
1127    77524 -3156 548394 449536 1201024 -112930
1128    55217 -21259 401585 342737 940059 91455
1129    -128064 -197516 250364 321552 709806 -17220
1130    234951 -30571 575533 202809 1038825 156541
1131    -195881 -207283 324829 134257 764413 -32291
1132    -215790 -14710 594354 525928 1462454 -110026
1133    -115175 -87589 267491 170149 705897 130313
1134    -3007 -124633 380341 407449 975155 16799
1135    -85077 -125541 231049 171425 580149 53505
1136    -127535 -109523 292553 242795 706501 21921
1137    -34656 51138 564630 407128 1244810 55206
1138    -48810 60410 442808 334732 972566 38614
1139    -9647 -12779 469057 375239 1094077 56637
1140    -90768 -208578 380350 468640 1101802 -44746
1141    -70244 -279202 366052 379634 949582 52254
1142    -144396 -228768 391712 219152 790884 89974
1143    -42694 -238032 390200 181028 927296 62284
1144    20338 139378 432838 304498 1007334 114482
1145    -46283 -44575 298945 104571 724633 37899
1146    -22497 -11579 410757 220833 997545 124437
1147    61534 191616 548452 320308 1161300 219032
1148    119583 32529 437711 344371 1010747 -42453
1149    -32246 -145658 511528 408786 1142210 -29500
1150    329346 49344 222586 117166 625390 -1348
1151    51134 -21578 499302 261818 1084194 22040
1152    127286 252426 603356 789176 1773706 -127104
1153    -215022 -122318 363540 251186 820836 11120
1154    174145 78161 363499 192973 817023 161127
1155    123393 44031 240345 206523 580345 57999
1156    -110465 -142861 399611 205721 779625 26355
1157    121772 77692 606230 325906 1236768 87284
1158    79109 -72501 380541 240823 795675 99215
1159    -111624 31864 654300 524258 1469614 -92708
1160    180433 -87721 364081 296805 870777 124923
1161    135813 142763 377439 120651 816631 195267
1162    2 -104690 376956 198938 946674 65400
1163    -185445 -68249 630681 455591 1414989 24423
1164    148459 -130283 355857 119413 738521 94719
1165    61857 -166027 227261 45627 457329 25507
1166    -24130 108872 517698 288936 1053746 87846
1167    112732 -161986 320682 84536 787870 123284
1168    -128237 -90773 642569 624727 1514321 -10253
1169    39357 -53241 226453 106345 579525 35787
1170    232313 -6059 57561 119335 222069 -70813
1171    -73932 -69312 381954 288394 933544 -53068
1172    -26439 2969 554827 474945 1250561 -20219
1173    -18687 35361 464007 372647 1091715 47045
1174    51537 -62015 359373 296545 918885 29541
1175    -28085 -1317 295165 248627 841043 69405
1176    197740 -36334 511736 375458 1144536 65428
1177    117623 -251703 306623 234537 790151 -80319
1178    57926 -14014 436616 298084 1085508 144518
1179    -7586 -50840 251720 279888 653804 22084
1180    160894 49992 478788 100748 978560 114660
1181    -129243 -158611 259703 230827 735347 46617
1182    163826 123152 495458 181208 1087732 257444
1183    11202 -87018 431590 327996 961112 22724
1184    48679 -126309 331331 325135 873725 -52507
1185    -10993 -120687 297117 302151 875249 143819
1186    -89965 43767 712809 561863 1526905 26351
1187    108927 -135471 388491 142729 904829 117073
1188    20551 59001 410767 249623 871895 96581
1189    -37484 -160690 369748 198828 734200 6640
1190    -131779 13659 568937 380629 1276995 93481
1191    128263 -217293 416295 157847 733893 35421
1192    -210135 102737 622863 566859 1402783 -54253
1193    -77582 -28168 561156 437156 1300556 12048
1194    -38102 21786 829780 621072 1680106 -46782
1195    -27360 -24282 396968 357922 914288 15668
1196    -53474 155922 432358 381480 1046430 49190
1197    7847 -20285 645425 618291 1579365 119855
1198    110901 -22345 439069 363173 1208111 98513
1199    41425 37841 450383 415629 1039821 16979
1200    134461 -94531 254699 226707 729121 -93431
1201    190386 171172 373000 5730 731520 108828
1202    84883 14489 406305 309563 934879 9439
1203    -13256 -73114 321880 251550 712614 -6510
1204    -139143 5521 390727 216659 803447 46379
1205    -51986 -92908 487180 382142 1076798 -40628
1206    225401 -104821 303301 272735 844201 -127329
1207    -74727 149397 645669 303375 1368079 154615
1208    68135 -92129 356201 213117 825807 88091
1209    -227145 -92489 451907 474499 1101385 -101627
1210    80807 -351155 387537 223135 752501 37473
1211    -249644 -146850 282970 302016 724716 -51282
1212    -618 2668 238842 5180 451744 104774
1213    95646 141460 537688 260016 1171052 182232
1214    39895 168317 389201 95821 840461 164109
1215    -146746 -171764 391502 230830 790368 62942
1216    -74182 -166078 341748 236804 776878 95642
1217    -134888 10832 673440 522346 1465896 42498
1218    -165831 -9889 393403 337755 1006471 41455
1219    63197 -176157 456245 135603 961099 -24299
1220    -108373 -168783 368043 226583 849387 78171
1221    -184727 -81867 614295 485491 1442783 -151527
1222    -25868 41328 477388 232328 980638 3808
1223    81779 32633 432281 421693 1171829 70481
1224    111131 -153693 372695 222239 879487 56177
1225    169210 22672 276080 259764 814696 -58956
1226    180434 622312 495390 522728 1425170 128600
1227    82685 -75549 383713 240175 875101 75725
1228    87641 54927 348611 184151 735545 20595
1229    183603 43705 458889 181571 975289 134549
1230    22601 19763 316897 332685 832455 60383
1231    435601 -42477 297205 86067 633239 73469
1232    -190393 -42925 336893 302569 871615 -7497
1233    -53035 42921 451599 320237 1062519 68999
1234    -43370 -112076 250464 211406 693258 31338
1235    -185648 -143432 341916 240226 806450 -61114
1236    37137 -18673 325943 189899 689999 -52123
1237    27565 -27833 504311 271721 1148641 -251
1238    -131105 -156639 338485 237147 773431 -74535
1239    203952 119374 439646 346168 997622 201510
1240    -65837 65467 590521 467855 1401769 90205
1241    -200378 -315766 565860 395988 1037318 -84228
1242    201525 97843 391549 258441 956611 95605
1243    -43885 -146867 309327 225777 759493 82785
1244    -97027 -152289 219487 173583 549141 47599
1245    91348 144792 648812 456552 1439616 155772
1246    -115030 -92414 406426 207576 838834 -50458
1247    128805 -67319 281885 221291 797651 -80041
1248    60889 97307 499557 338963 1124541 58691
1249    193327 17845 351911 293797 810463 -21855
1250    9818 -129428 388534 406166 931954 -2724
1251    -31582 -42706 495068 387998 1139262 67944
1252    18427 -102077 311965 226483 688727 -79
1253    -227490 -64556 317876 165742 714178 42776
1254    -10717 -22341 362167 255307 809955 204769
1255    346202 22988 533996 258546 898758 187188
1256    39745 66523 510973 357521 1250107 132431
1257    -108373 -168783 368043 226583 849387 78171
1258    -73417 23283 532727 400411 1156233 41091
1259    77011 74597 222871 105171 464957 32469
1260    -63642 -57790 321906 336604 811286 -157656
1261    -170961 -30493 779711 623427 1673175 25307
1262    -157346 -91782 234652 234116 704718 20912
1263    140337 180899 332943 144833 688851 134691
1264    -77962 -137114 313290 245810 909640 55492
1265    69647 -55931 372399 410941 973689 -91087
1266    -157417 18227 602017 518257 1365873 -48951
1267    -19290 -49282 318116 49576 788574 150174
1268    -74476 -65804 408698 336184 919764 -55496
1269    -116385 -145233 505769 471335 1184177 23875
1270    151079 -40101 355861 312903 880339 15041
1271    88076 65144 440122 344584 1018998 79450
1272    -122299 -143325 466459 430839 1104697 -57733
1273    96037 -110097 472649 506007 1207837 68195
1274    -104580 -82524 307180 192586 816592 -11918
1275    297931 44771 466355 225675 892573 89301
1276    150834 -331812 467190 138088 622726 -149332
1277    151547 159017 554099 290143 1178591 166535
1278    185573 271633 602861 521193 1457715 67511
1279    65561 -82493 416945 216425 929377 59305
1280    310612 -13746 512282 269428 1076504 148786
1281    -108990 -31856 419906 306134 1043754 11556
1282    166895 -50805 334533 261847 868461 108463
1283    -90172 -122492 272208 179964 748216 8942
1284    -94566 -176850 347422 159530 763412 15034
1285    -79109 169063 606703 585685 1391647 59419
1286    -194172 -246138 383348 325104 864872 -42000
1287    52235 -37269 384591 227581 975149 112815
1288    32587 74869 558521 405933 1319821 156693
1289    178039 46037 425929 192257 867639 61773
1290    43987 -130887 531735 570999 1239457 28819
1291    -139878 -274128 280458 339854 724018 -80042
1292    178140 -127884 256764 46552 559156 89868
1293    78902 -79518 377328 420468 954968 -79320
1294    -2395 -79979 275087 160031 752467 48865
1295    -143766 27974 255698 133320 627372 -185676
1296    219865 122353 342609 211351 741531 185163
1297    193470 -149252 311570 220150 807152 -137618
1298    133505 -25505 359591 191335 881507 24397
1299    -33094 -203652 279446 183482 628790 -50234
1300    26007 43213 396131 356057 917039 63395
1301    246754 74180 451938 231084 935320 185748
1302    -18390 -13530 429182 306962 934536 27666
1303    55851 109303 605467 383319 1357325 151187
1304    201297 -62997 389397 220539 839721 36099
1305    -20891 -109943 289325 227695 680059 -44875
1306    103160 100402 384616 302782 955894 82628
1307    -27287 -154313 370613 123871 888191 136301
1308    97813 60787 435961 316415 950479 122597
1309    253938 85598 514716 329662 1037634 -81026
1310    -74326 -149730 287726 289740 850976 118072
1311    108762 -17524 427752 318110 1009646 36424
1312    131482 94342 222472 54554 505672 129596
1313    119507 74109 400875 345025 1060465 143553
1314    30002 102156 455216 254788 1012094 65910
1315    82387 94033 691149 548017 1561515 88583
1316    206830 -71348 440434 173298 876350 -69078
1317    -75236 4844 813662 731856 1859316 29294
1318    -13294 -77920 449096 374460 998570 -16572
1319    61076 -40584 473932 347144 1125672 47866
1320    24676 23920 529744 459844 1466768 88350
1321    -56623 -124397 263325 302907 903889 -47127
1322    179678 60196 417946 198632 971534 166314
1323    76637 -31853 411459 381337 999151 -11253
1324    -182220 -124714 410246 435012 1063556 -4956
1325    -150317 2275 332149 175613 806329 11359
1326    -33749 -45079 427977 337441 935761 -19887
1327    179527 -142987 293339 336449 623167 -52289
1328    -94310 -146876 153856 203298 453536 30846
1329    340482 -4582 367368 497492 895000 -48782
1330    7873 6553 779015 850281 1892529 -12689
1331    47381 -63421 216075 338599 732929 28707
1332    819153 267665 515987 507857 1210473 33127
1333    399060 16862 294770 327220 693788 -38368
1334    120557 -138329 453111 630423 1090349 87373
1335    -206194 -23466 278790 453146 813516 -69558
1336    337385 53731 549211 387689 1134175 14673
1337    344347 123995 602487 583537 1408471 14845
1338    -147550 -55316 450214 482046 1080878 -3054
1339    2218 19332 298150 153524 788732 -43646
1340    329428 19606 355776 515380 873786 -83938
1341    7013 2999 278721 276257 647435 27119
1342    -123475 -18813 679147 653639 1545283 -64153
1343    595954 89300 365702 712462 1008248 21794
1344    550411 38349 539147 674367 1323157 26775
1345    88429 -211337 262329 304517 575679 -8839
1346    124750 147628 368070 44416 793876 32438
1347    -89631 -178893 497071 607763 1179405 -18613
1348    -23626 -19536 493358 425158 1117286 -52944
1349    -160841 -64685 542493 569889 1277975 9563
1350    276495 111953 422759 558155 1004919 30021
1351    -109037 -281659 346259 254193 673795 110525
1352    388853 -452769 378469 537013 923989 -182405
1353    68238 47186 277568 262380 807886 -38176
1354    -61874 -23622 289658 279176 742252 -85716
1355    35505 -8939 227137 235585 596251 57495
1356    -52850 52210 295856 230904 683544 -27888
1357    -102422 42006 477224 820676 1293786 24128
1358    63505 -41973 426195 481917 1048749 -247
1359    -71592 -60826 120038 -228504 150246 47712
1360    -118933 -78855 535423 641423 1264597 134023
1361    57265 61185 794539 925575 1964379 -781
1362    267396 54220 434268 407336 1056764 -24548
1363    268740 122860 313630 405718 851716 13230
1364    -13977 -32629 41583 3903 68759 12565
1365    109156 188004 427054 652478 1162506 209584
1366    -7916 -121286 258298 212850 633850 -16834
1367    255376 2208 245624 58036 504956 -28798
1368    504625 -14823 502845 233187 1043795 -65513
1369    340369 175963 370565 388775 916903 -28823
1370    138326 -130342 489264 661778 961356 -98634
1371    296377 -64779 318481 254561 532847 -72705
1372    -45834 6014 580100 570272 1416904 -10452
1373    -61159 -61865 231757 139029 496319 -61087
1374    -106154 -130696 285320 415534 697596 -35674
1375    232119 57209 321063 591825 938297 -73149
1376    -145229 -157227 408641 526967 1021323 -59325
1377    55000 96426 369610 322266 937500 6250
1378    125369 89713 587599 753205 1549315 -10453
1379    128181 73161 499343 547875 1168833 -59365
1380    199769 240019 443749 325477 894209 71049
1381    873199 139983 361871 384513 854907 -29427
1382    6282 -108896 287472 514902 704680 -25164
1383    -29809 -31245 578065 602195 1423975 -59885
1384    18111 -30393 316669 359467 806599 63231
1385    72965 168819 612629 592201 1403517 35843
1386    -156410 123068 388408 257144 934286 64422
1387    160679 20989 387437 245843 885183 -8565
1388    -41471 4877 369631 262423 832627 -26189
1389    82287 -32149 543351 409221 938291 -35249
1390    1266 16688 565344 415982 1166230 18200
1391    -8488 148446 487832 579656 1447586 100918
1392    49924 -13398 361362 405022 858772 -47362
1393    161726 11752 187400 371416 582408 -58542
1394    70615 438253 518751 472873 1152839 -51287
1395    -151320 -62862 567238 630838 1340814 32064
1396    -692959 -322275 410097 684771 1017899 86423
1397    7020 -177912 438612 259466 833256 25698
1398    27984 46104 368540 397068 809910 -7378
1399    56683 -249967 281257 153103 443161 -144047
1400    64340 11672 264832 205694 467676 -25534
1401    4671 53163 297373 84469 627455 82429
1402    358114 295414 455182 308828 1013570 -18138
1403    351309 12021 403667 612685 923143 51239
1404    54351 -110597 252891 218099 809171 2973
1405    114515 73259 316905 392899 862541 -49305
1406    29002 898 331964 328090 847460 79922
1407    -176899 -209259 277645 505029 690095 -87459
1408    -564 -320568 379774 530978 1030806 -162832
1409    94541 6005 246831 309291 767521 -63421
1410    -173996 13256 371062 526484 969908 33450
1411    220696 79362 340908 356760 862710 11172
1412    269837 -47069 152089 200977 430309 -64921
1413    95169 26393 194151 132361 432463 22201
1414    197002 -10270 318760 399952 801070 -34558
1415    -114 -71156 279840 187558 467994 79818
1416    -278953 -198889 188279 159063 424039 165721
1417    -47460 52824 354148 310310 902114 -69274
1418    -92938 -33658 186384 329924 552584 23966
1419    691881 217201 557585 683369 1349453 10209
1420    -180176 -188150 471776 579748 1119010 19774
1421    234966 34606 548772 618836 1343434 29816
1422    232473 205743 561699 777669 1413225 129145
1423    148616 31810 291606 297316 705350 -75308
1424    237864 -114084 525408 619320 1275706 -35244
1425    -324439 -110885 277347 160745 601873 1469
1426    95070 62880 245720 303518 747196 180354
1427    211653 -154551 207145 251887 453871 -217253
1428    263373 1017 589191 581195 1388077 11341
1429    108971 186925 475083 372717 1121119 7499
1430    -303874 -174414 306662 375560 751126 108500
1431    200613 65899 370255 391773 880975 83827
1432    -71592 -60826 120038 -228504 150246 47712
1433    499866 138814 459044 582042 1329060 -30174
1434    75624 68512 413040 374864 1218272 7038
1435    109511 -5633 242251 26443 499607 -25371
1436    -228119 -90557 513365 154497 1081919 -27027
1437    -10461 11151 544377 521609 1294687 15711
1438    364168 -73996 519148 362824 1212018 66796
1439    -148057 -394491 460005 637973 1276279 114953
1440    76333 168567 648357 369169 1212087 -91315
1441    95610 -35724 598800 559156 1296536 -85472
1442    16028 100288 494006 555840 1207492 70248
1443    8327 42325 297163 310215 867969 -88275
1444    73126 -68198 384052 490226 959538 -73762
1445    183296 157198 468388 328442 1075656 -19584
1446    324127 -5017 305961 533329 850175 -43421
1447    47349 -45011 493205 583353 1189487 -43573
1448    -204896 -79478 529952 520114 1252028 -41624
1449    3562 70480 464480 383316 1018736 48132
1450    483792 70104 607966 498912 1359634 96126
1451    -46247 -188241 311405 236637 681583 129565
1452    -132561 -63269 255145 399519 677249 62433
1453    50088 -7870 516640 501278 1237882 26886
1454    91028 -122056 397214 154200 784062 15122
1455    -122681 -100779 463603 322515 763555 -76437
1456    205543 -135393 233781 363635 609091 -118093
1457    309891 -178637 194625 78171 448469 -176211
1458    -77347 -191293 461157 458271 1161111 13587
1459    12771 -121599 307957 358945 762531 -18305
1460    344676 126994 602606 626044 1462752 17860
1461    -431977 -215533 240847 211875 621905 -15963
1462    -4091 -6079 368893 467575 983861 -39805
1463    -6171 -84221 574749 409923 1311539 -66167
1464    -272899 -113243 422635 575765 1150861 -50903
1465    -38344 -84978 272854 437070 762504 79084
1466    -205144 -254532 275122 298766 689740 -2218
1467    426482 117300 361812 396830 892406 -19686
1468    377473 188425 509375 494463 1148049 -23173
1469    -8649 -167999 369283 422631 889377 13785
1470    247746 90442 231518 46518 458886 15446
1471    -103374 -31310 659770 744792 1661458 21888
1472    -255624 -158062 320152 370106 800802 27394
1473    67109 43587 331587 393423 909289 33919
1474    526997 -46517 291575 296119 697135 -64721
1475    21247 -25957 105315 87331 222873 -39721
1476    154264 1200 279356 327956 731444 -47096
1477    302247 67953 372427 319449 847815 42525
1478    93831 12615 378729 406213 781283 -122797
1479    -24088 33274 699978 752432 1764266 -18048
1480    -16952 -137450 443712 308766 1057650 58746
1481    378202 120570 447954 446688 1086098 -1232
1482    -17736 15388 402576 209034 881002 2796
1483    353957 108875 625651 448073 1374479 -41467
1484    -297345 -105721 316713 443423 770893 -7987
1485    -243986 42956 464160 248002 1004142 41996
1486    137427 61841 338637 462281 817283 -58421
1487    46261 -24141 372589 470823 950829 -92983
1488    -55862 -46514 149158 159594 351770 -9534
1489    33414 52388 371672 363050 820850 31608
1490    -33168 -99116 230182 77362 329800 -10778
1491    -70544 -123826 547928 864808 1293854 170092
1492    -102661 -93505 320175 131581 676025 74701
1493    -42212 -29962 477690 561440 1134816 -10780
1494    217033 43613 317555 352155 722281 -16031
1495    26989 -50425 609223 689395 1512325 -35465
1496    -29828 -27464 122674 25498 272848 40432
1497    240488 87768 371096 327902 886032 46032
1498    35700 -74902 301926 438060 735856 -36374
1499    -74625 -61941 453495 594923 1037523 -42397
1500    205999 110691 310945 -39623 623951 116187
1501    95006 -52272 675550 610120 1522168 -54642
1502    149835 11453 283237 393089 732685 26663
1503    30248 -84188 347802 217890 710128 55048
1504    383960 59708 388644 569642 1063866 5846
1505    71107 -33641 405953 380491 980693 -88489
1506    -82955 -156693 341847 390077 793017 61543
1507    -320953 -330027 243771 184609 482965 121561
1508    89337 -88445 291321 231519 585001 -44161
1509    -16011 139565 529329 479831 1186303 -28949
1510    26480 -34566 339178 280056 758180 7288
1511    6518 -88832 513692 766446 1393594 -17264
1512    -54530 -63742 670634 852670 1668998 -45448
1513    341777 137019 318129 323365 741491 25481
1514    136465 1503 250427 453747 813537 -125959
1515    37955 -63129 284907 320315 681653 46321
1516    43093 142615 546907 525101 1116117 8907
1517    -73269 -65841 119595 134597 229987 52643
1518    -83237 -85615 71959 82797 158643 132595
1519    -106774 -250858 363682 582526 877274 -101998
1520    149907 -15323 379841 372241 862405 48285
1521    -10192 -152708 424446 479582 1028268 3956
1522    34953 -19195 399473 429605 847739 11449
1523    408198 97604 454552 475696 1045200 -69326
1524    -35132 -45216 569858 691534 1419878 -72950
1525    406395 -56457 275719 574167 811733 -49085
1526    177778 5856 337832 373100 809722 -118102
1527    -73206 -50860 516502 512182 1305622 -71518
1528    -11607 -18209 74317 56173 144849 -12531
1529    176979 -43267 298949 95775 637445 -37649
1530    367761 113371 185025 44801 466915 4679
1531    126277 -50841 570685 710571 1451183 -92387
1532    -172749 -109325 118995 118127 281479 72969
1533    -358071 -267657 212453 194433 636495 81003
1534    63501 -188121 398189 598713 1025765 -22135
1535    -10692 -6282 566770 775710 1510474 -45400
1536    24075 1635 71961 126237 198183 -36967
1537    363159 -104587 460277 323905 1100207 110479
1538    99653 -180799 341997 396377 751325 21901
1539    527783 33355 434125 782875 1230021 -5219
1540    -22135 276261 244513 79077 600953 -86235
1541    61531 -150619 571437 583603 1211121 23025
1542    97040 -119494 423986 646194 1012062 -69018
1543    -126353 -98885 269119 259331 605939 30281
1544    38484 -97110 432742 511830 1026042 880
1545    240338 58218 362962 259450 866714 50202
1546    13851 -91485 574085 410143 1275047 -373965
1547    175354 -176230 452070 289196 783428 7724
1548    217374 39412 331638 297498 772074 -1650
1549    545225 -142413 372897 526761 959387 -172723
1550    176603 -53041 542881 557057 1219007 -23431
1551    264745 -18289 560307 692657 1376619 18001
1552    26862 -71726 195942 270674 641860 -73356
1553    136756 102412 268306 329852 740744 -9514
1554    127822 22234 649516 450792 1252208 -51938
1555    3923 8411 375493 309669 837061 -38805
1556    148451 -96753 159401 238843 404035 -73327
1557    -20292 -25888 225072 117038 434478 27906
1558    -134723 -32161 594711 756361 1492913 29131
1559    296119 -61093 487309 415881 1071769 56859
1560    -27270 21598 337020 173622 651024 9242
1561    35175 -119029 268491 290627 629347 -71723
1562    497998 180176 414058 814756 1139786 -36882
1563    -114383 -71753 239389 454965 719491 -23901
1564    31780 -204258 373112 508990 1023190 28276
1565    251658 54740 303536 321142 844014 91800
1566    532878 111862 325522 373540 865062 -48304
1567    -95369 -59457 310831 112291 629673 -9465
1568    405485 114377 406665 149763 819051 -123663
1569    -6904 -174978 518228 505484 1159344 12940
1570    337995 133449 322079 283361 765093 -8007
1571    87789 199221 538995 436273 1196415 -82057
1572    58314 -79022 250478 170718 451048 -100098
1573    -81265 -47183 259407 295407 707815 85057
1574    192723 50065 447257 551847 1144965 28901
1575    -68770 -99268 479130 257008 1013966 -70106
1576    -37972 210930 333466 522568 1002054 -45460
1577    -122784 9020 175358 75678 327578 -29994
1578    88351 26655 336757 364531 855013 -91915
1579    -85057 -64697 285775 295467 752613 -13689
1580    233961 192457 494209 405039 1052513 -111425
1581    243825 131597 529779 838717 1368949 -10901
1582    -273585 -113511 424127 577629 1154691 -51975
1583    48701 53139 260131 116757 570243 72719
1584    -121090 -151094 399552 346466 902198 -85074
1585    148251 -99419 139069 156851 607509 -14481
1586    -29269 260359 119987 23123 484757 -29975
1587    214808 21300 361242 508608 994640 -37490
1588    -666 -65430 297806 336364 680356 -40462
1589    184878 216362 577730 755984 1512358 -49850
1590    -32634 -91810 430862 195218 733650 -66370
1591    142943 23003 592431 654813 1466235 47747
1592    -23792 -91238 351830 486322 869544 -121826
1593    86942 -81062 144192 19044 247558 -30804
1594    112548 -3276 534836 701060 1292906 -39322
1595    -212648 8082 241574 289100 720186 -5706
1596    437299 50779 396087 415769 958593 9711
1597    340653 70751 314173 211089 774505 24637
1598    -175153 -247875 310681 441077 706239 19743
1599    67052 -118600 378028 442622 952946 -40010
1600    29778 -35548 211474 321946 550552 -56506
1601    114153 -67391 313493 453309 737345 -34293
1602    -232784 -30936 516736 583750 1282956 -19554
1603    -67434 -109656 450130 795408 1290286 47794
1604    219744 388784 552800 738158 1495324 -144138
1605    142884 -121644 286168 251276 668656 402
1606    435111 242773 543101 533605 1309093 -181397
1607    37600 5438 361088 584712 1007586 -38822
1608    -30195 31935 598987 606377 1184051 79653
1609    -40959 -56163 249427 283615 636855 599
1610    -111091 -106517 263935 218979 643643 -52213
1611    -176963 42971 372591 475359 917483 53645
1612    -100025 -50127 149657 36061 306529 41119
1613    358595 88691 331729 430595 900521 9465
1614    -157960 -66108 222068 245602 647486 -95618
1615    47801 -2561 344519 268597 776695 32177
1616    484145 90431 586169 562795 1286921 116371
1617    294624 -63336 441818 655394 1142848 136908
1618    -63277 -114387 200897 127331 379871 36841
1619    -205077 -91525 147429 297331 543233 80963
1620    -148107 -76239 668079 470939 1443395 -54909
1621    359686 27176 394970 472980 1014196 8648
1622    -21674 -60704 260242 249900 630188 184912
1623    -376423 -120663 400613 468345 1042797 49631
1624    -16608 -141736 407934 484612 1131148 14454
1625    -322445 87763 416437 163029 808117 1109
1626    29667 -124041 333815 578195 908325 -6997
1627    -528250 -229324 489554 401236 1215142 -30588
1628    -531470 -161724 466902 524058 1086882 -18512
1629    56824 43452 317358 377742 790686 -140128
1630    145047 139349 372465 501421 1042089 89243
1631    -104781 68571 250541 411341 935865 -22691
1632    -326898 -195786 530910 496148 1216022 -103580
1633    359906 127866 351476 417376 887424 -3768
1634    322259 2147 302035 324221 745471 -78329
1635    131932 7004 236028 291012 575516 12336
1636    -131189 -5859 492435 493317 1267131 60291
1637    -205409 3607 238015 73759 538471 83189
1638    220073 165413 357093 546205 968993 -7111
1639    40627 -29315 563361 522083 1325785 7235
